circle_num = 1
circle_refine = 1
113.594797 22.348397 500

