circle_num = 1
circle_refine = 3
113.594797 22.348397 500

